From Location	NORTH	SOUTH	EAST	WEST	NORTHEAST	NORTHWEST	SOUTHEAST	SOUTHWEST	UP	DOWN	136	526	141	600	626	622	457	138	599	144	640	143	627	146	150	147	527	620	623	229	625	213	148	[	685	]	529	628	163	532	209	621	5	164	598	207	232	225	226	10	239	224	249	221	228	518	520	514	241	242	515	517	519	524	246	523	21	516	250	619	298	ENTER	521	151	328	498	616	375	373	259	261	260	315	294	295	PLUGH	412	BUILDING	142
136	440	142	BUILDING	137	458	457	460	450	137	142	137	BUILDING	BUILDING	142	142	440	457	138																																																																							
137	457	450	END_OF_ROAD		440	438	142	461			END_OF_ROAD		END_OF_ROAD			440																																																																									
142	END_OF_ROAD		460	450	END_OF_ROAD	END_OF_ROAD	454	451								450			END_OF_ROAD																																																																						
143	142	144	454	451	460	450	455	452					END_OF_ROAD	144		451			142	144	144																																																																				
144	143	436	455	452	454	451	456	453								452			143			143																																																																			
145				146								146											146	146	150	147																																																															
146			145	147								147													150	147	145	145	145	147																																																											
147			146	148					148			148								144			146	146	150				145		146	146	148	BUILDING	BUILDING	BUILDING																																																					
148			147	149					149	147		149								144					150	147			145																																																												
149			148	150																144					150	147			145		150		148																																																								
151	155	154	312	152						155																											152	152	164																																																		
156			157	209						159															159															157	209																																																
158									157																		157																																																														
159									156																		156																																																														
153				167																																																																																					
160	Y2	155								198																	155											155	Y2			198																																															
161	155									395																	155											155					395																																														
162			MT_KING	196					196																		MT_KING											MT_KING																																																			
163		160	164	165																														BUILDING	BUILDING	BUILDING								164																																													
164									151	Y2																													Y2																																																		
165			Y2																																				Y2																																																		
199				198						200													198		200																				200																																												
200									199																		199																		199																																												
201			198							202																					198											202				207																																											
167		168	153	194					168														194								168														168																																												
168	168	171	169	178					167																																																																																
169		170	171	168																																																																																					
170	191	173	169							189																																																																															
171	169	185	182	168					181	181																																																																															
182				171																							171																																																														
185			171																								171																																																														
189									170																		170																																																														
172			173	174																																																																																					
173		175	170	172						174																																																																															
174		176	175	172					173																																																																																
175	177	175	174	173					176	188																																																																															
183				176																							176																																																														
177	177		193	175						190																																																																															
190									177																		177																																																														
193	179	186	180	177						149																																			149																																												
186			193																								193																																																														
194	196		167	195					167	196													167																			196																																															
195	196	300	194																																																																																						
196	197	195	162	194																																																																																					
197		196																									196																																																														
202	232		235	207					201																																				201	207	232																																										
207	213	209	202	208					201	235																															209																																																
208		218	225	157	207	226																											218															225	226																																								
157			208	156						158															158															156																																																	
209	207	156							210																																				210	207																																											
210	237	247								209																															209									237	239																																						
211	212	238								207																					207																																																										
212	166	211					207																																																																																		
213	214						226	246																																						207			226																																								
214		213																					213				213																																																														
215			MT_KING							216																																																																															
216	218	217																																																																																							
217	216																																																																																								
218	208	483	216	219								483											208																																																																		
483	218																										218																																																														
219		218																																																																																							
178	168	178	184	178																																																																																					
184				178																							178																																																														
191		170																									170																																																														
179		193	180	187																																																																																					
180	193			179		192																																																																																			
187			179																								179																																																														
188									175																		175																																																														
181									171	171																																																																															
221	224									213																					224														213							224																																					
222	223	220	322																																																		220																																				
223		222																													222																																																										
224		223		221																							223																											221																																			
226	230			213			208		230														213																													230																																					
230		226		227																																													226																																								
227						230																																														230																																					
228					229							229																		229																																																											
229		228																									228																												228																																		
231			370						370	232																																					232																																										
232				231					231	233																												231															233																																				
233									232	234																																					232																																										
234									233																		233																				232						233																																				
235		203		207	413				202																																																																																
300	310	302	308	309	304	307	305	303	306	195																																																																															
236																																																																																									
237	239	210																																																	239																																						
166				212																																																																																					
238	211																																																																																								
301	303	311	304	308	307	305	306	302	310	309																																																																															
239																																																		237						237	397																																
240																															241																											241	241	242																													
241																																																			240					240				242	242																												
192																																																														180																											
244																																																					246										246	246	246																								
246																											213					213																													244		213	213		244	244																						
247																											210																															210																															
248																											215																																									215																					
245																																																					249								249								250	252	298																		
249																																																									245										245	250	250	252	298																		
250																																																					249				249				251	297		297			245			252	298																		
251																							296																																	250		252										296	250	252																			
252																											251				251																									251													250																				
296																							251				251																														251												250	252																			
297																																																								298		250						298		250			250	252	298																		
298																																																									297									297		299	250	252	299	299																	
299																											298																														298												250	252																			
302																																																								310	300	309			306	303	305	308		307		301					304																
303																																																								305	306	304			308	301	307	310		302		309					300																
304																																																								301	303	308			305	310	306	302		300		307					309																
305																																																								308	310	302			300	304	301	307		309		306					303																
306																																																								304	307	300			309	302	308	303		301		305					310																
307																																																								306	302	301			310	309	304	305		303		300					308																
309																																																								307	305	306			303	308	310	300		304		302					301																
310																																																								309	304	305			301	307	300	306		308		303					302																
311																											301																															301																															
312																											151																														151							320										151															
313																											MT_KING																													MT_KING																																	
314																																																																																									
316																																																								MT_KING		317																															
317																																																								316	316	318			318							318					316																
318																											317																													317																																	
319																																																								MT_KING		321										320																					
320																											319																										319			319										312		312																					
321																											319																										319					319																															
322																																																								222		323																															
323																																																								322																																	
324																																																									323											325																					
325																																																									326	324										365																					
326																																																										325				327																											
327																																																																328				328					326		328														
328																																																								332																	335																
329																																																									331	330																															
331																																																									333	332										329																					
332																																																								331		328																															
333																																																										334										331																					
334																																																								333																																	
335																																																									336											328																					
336																																																								337					335																												
337																																																								338	340	336																															
338																																																										337																															
339																																																										340																															
340																																																								339		341										337																					
341																																																								340																	342																
342																																																									343											341																					
343																																																								344	347				342																												
344																																																								345		343																															
345																																																										344																															
346																																																										348																															
347																																																								348												343					349																
348																																																								346		347																															
349																																																									350											347																					
350																																																								351					349																												
351																																																								352	354	350															355																
353																																																										354										352																					
354																																																								353												351																					
355																																																														351											356																
356																																																									357											355																					
357																																																								358	363				356																												
358																																																								359	361	357															362																
359																																																										358															360																
360																																																										361				359																											
361																																																								360												358																					
362																																																										363				358																											
363																																																								362												357					364																
364																																			327	327																																363								327													
365																																																										325			366																366												
366																																																														367	365																										
367																																																									366																																
368																							369																																	369		367																															
369																							368				368																															368																															
370																																																									231																																
371																																																										372																															
372																																																								371		375										373										375	373										
375																																																															376										372																
376																																											377														375							377																									
373																																																								374	372																																
253																																																										254																															
254																																																								253		263			292												255																
255																																																								254																																	
256																																																																																									
257																																																																																									
258																																																										259																						259									
260																																													261											259										261											259			259	261								
261																																													260											262								260									463		262						262	260							
262																																																								255		261						255											255						260	260							
263																																																								254																																	
265																																											266													264		315						266																			315						
315																																																																																									
266																																											267																					267		265																							
267																											269																268															269						268		266																							
268																																											267																							267																							
269																																		382	382	382																				267	271											270																					
270																																																									269							269		271																							
290																																																									281											291																					
291																																																									290																																
292																																																										293															254																
293																																																								292					294												295											294	295				
294																											293																													293																																	
295																																																																																									
382																																			269	269																			269																															269			
243																																																								243	243	243			243	243	243	243		243		243					243																
289																																																																																									
395																																																																394		161																							
394																																											395																							395																							
203																																													204												205	235						407		408																							
205																											203																																									203																					
383																																																								385		384										412																					
204																											203																																					203																									
384																																																								383																																	
385																																																									389	383						387		390		386																			412		
386																																																								387	389	385						386		388		386																					
387																																																								388	385	386						387		389		387																					
389																																																								388	389	390						387		389		385																					
390																																																								388	389	389						386		389		385																					
391																																											392													393										392						393																	
392																																																225																391		412						225	225																
397																																								396											239					239	396					239						239																					
398																											408																		399													408								399																							
399																																													400																			398		400																							
400																																													401																			399		401																							
401																																																																																									
402																																													403																			401		403																							
403																																													404																			402		404																							
404																																																																403																									
405																																																								406								406																									
406																																																										405								405																							
407																											203																203																							203																							
408																																											203													398	412	409						203																							412		
409																																																								408		410					412																								412		
410																																																								409		411														411																	
411																											409																													410																																	
412																																											392														383	392			409			392				408																					
413																																																								235		414																															
414																																																								413																																	
415																			416																																						416																																
416																											415																																					415				415																					
420																																																								421		419																															
419																											420																													420																																	
421																																																								422	426	420				422	425					422					426																
422																																																										421				423	423																										
423																																																								424		422				424																											
424																											423																															423																															
425																																																													421																												
426																											421																																									421																					
429																																																									225	430																															
430																																																								429		431																															
431																																																										432					430																										
433																																																																																									
434																																																																																									
435																											403																																																														
140																	139	139									139																																			139																											
138																																																									139					457																											
139																																																																				138					140																
457																437		138																																						137	438	437			441	136	438					440					138																
458																442																																									440	442			443	459	136					444					441															136	
459																446																																								447		444			445	448	460					446					458															136	
460																454																																								454	VALLEY				459	449	143	VALLEY				447					136															136	
436																453				144		143																																			453	144			455							456					452															136	VALLEY
437																																																								457	461	461			461	440	457					441					461																
438																																																								461	461				457	137	461					457					439																
439																																																								461	461	461			438	461	461					438					461																
441																																																								440	437	461			461	458	457					442					461																
442																																																								458	441	461			461	444	440					443					461																
443																																																								444	442	461			461	445	458					461					461																
444																																																								459	458	443			461	446						445					442																
445																																																								446	444	461			461	461	459					461					443																
446																																																								448	459	445			461	461	447					461					444																
447																																																								449	460	459			446	461	454					448																					
448																																																								461	447	446			461	461	449					461					459																
449																																																								461	454	447			448	461	455					461					460																
450																																																								451	461	136			136	143	461	VALLEY				VALLEY					461																VALLEY
451																																																								452	461	450			VALLEY	144	461	143				143					461																143
452																																																								453	461	451			143	436	461	144				144					461																144
453																																																								461	461	452			144	461	461	436				436					461																436
454																																																								455	143	460			447	461	144	143				449					VALLEY																143
455																																																								456	144	454			449	461	436	144				461					143																144
456																																																								461	436	455			461	461	461	436				461					144																436
461																																																																																									
463																																																																				261													261								
378																																																															379																										
380																																																													381		379																										
379																																																																																									
381																																																								482	482	482			482		380			482																							
482																																																																																									
580																																		136	136	136																																																					
565																																																																																									
603																																																																																									
